Diff_X		Diff_Y		Pixels_Areas		Diff_Luminosity		TypeOfSteel		Steel_Plate_Thickness		Fault
0		4		12		6		1		80		128
0		2		11		7		1		80		128
0		1		7		5		1		100		128
0		4		11		5		0		290		128
1		12		22		17		0		185		128
1		8		16		12		0		40		128
3		14		29		35		0		150		128
1		2		11		9		0		150		128
1		2		12		19		0		150		128
1		11		21		18		0		150		128
1		4		14		13		0		150		128
1		6		12		4		0		150		128
1		5		14		11		0		150		128
0		6		14		9		0		150		128
1		6		17		19		0		150		128
1		11		21		16		0		150		128
3		12		25		26		0		150		128
1		7		15		11		0		150		128
0		2		11		6		0		150		128
1		2		12		9		0		200		128
1		3		12		10		0		200		128
0		2		11		6		0		200		128
0		1		11		8		0		200		128
1		3		12		9		0		200		128
0		3		12		5		0		200		128
0		2		11		6		0		40		128
1		3		13		8		0		40		128
0		1		8		4		0		40		128
2		12		23		21		0		40		128
1		3		13		14		0		40		128
0		3		11		6		0		40		128
1		6		15		15		0		40		128
0		2		11		7		0		40		128
1		2		12		8		0		50		128
2		6		19		20		0		50		128
1		4		13		14		0		50		128
1		3		13		14		0		70		128
1		7		13		11		0		70		128
1		4		12		5		0		40		128
1		2		12		9		0		250		128
1		5		13		8		0		200		128
1		3		13		11		0		70		128
1		2		12		11		0		40		128
1		5		13		5		0		40		128
0		2		9		7		1		60		128
0		4		12		8		1		60		128
0		1		5		6		1		60		128
0		1		7		6		1		60		128
1		1		9		6		1		60		128
0		1		5		6		1		60		128
0		1		5		6		1		60		128
1		6		15		11		1		60		128
0		2		11		7		1		60		128
1		2		11		7		1		69		128
0		3		11		6		1		69		128
0		2		11		7		1		69		128
1		0		5		5		1		69		128
1		3		11		6		1		100		128
0		1		6		7		1		100		128
0		1		6		4		1		100		128
0		1		5		6		1		100		128
0		1		6		6		1		120		128
0		1		7		8		1		120		128
0		1		6		6		1		100		128
0		1		7		5		1		100		128
0		6		13		8		1		100		128
0		2		11		6		1		100		128
0		1		5		4		1		100		128
0		1		6		4		1		100		128
0		0		5		6		1		100		128
1		1		8		4		1		100		128
0		2		11		7		1		100		128
0		2		8		4		1		100		128
0		1		6		7		1		211		128
0		1		6		6		1		211		128
0		0		3		7		1		143		128
0		3		12		10		1		143		128
0		2		11		8		1		80		128
1		12		22		15		0		40		128
1		11		22		23		0		40		128
2		11		21		15		0		40		128
0		1		11		5		0		40		128
0		0		4		4		0		60		128
3		15		30		24		0		60		128
1		1		11		8		0		200		128
0		1		11		9		0		220		128
0		2		8		4		0		220		128
1		3		12		9		0		40		128
1		3		12		8		0		40		128
1		3		13		13		0		40		128
1		5		14		13		0		40		128
1		6		17		16		0		40		128
1		6		16		10		0		40		128
1		2		12		12		0		100		128
0		0		5		4		0		100		128
1		2		12		7		0		40		128
0		2		11		4		0		70		128
0		4		11		5		0		70		128
0		1		11		5		0		70		128
0		1		11		6		0		70		128
0		1		5		4		0		70		128
1		2		11		4		0		70		128
1		2		12		15		0		120		128
1		11		19		13		0		175		128
1		5		15		12		0		125		128
1		1		11		11		0		125		128
2		11		22		24		0		125		128
1		2		12		10		0		125		128
1		2		11		9		0		125		128
0		1		11		8		0		40		128
1		3		12		8		0		50		128
1		3		13		11		0		50		128
0		2		11		14		0		90		128
0		3		12		7		0		90		128
0		8		13		12		0		90		128
0		7		13		10		0		90		128
0		3		11		12		0		90		128
1		4		13		8		0		90		128
0		2		11		9		0		90		128
1		8		17		7		0		90		128
1		9		18		7		0		90		128
1		4		13		7		0		90		128
1		3		12		5		0		90		128
1		3		12		12		0		90		128
0		2		11		6		0		90		128
1		6		13		9		0		90		128
1		8		17		13		0		90		128
1		3		12		10		0		90		128
1		11		19		11		0		90		128
0		3		12		10		0		90		128
0		4		12		8		0		90		128
1		8		17		12		0		90		128
1		5		14		12		0		90		128
1		3		12		9		0		90		128
0		2		11		8		1		70		128
1		14		24		20		1		70		128
0		1		7		4		0		40		128
0		2		11		9		0		40		128
1		2		11		9		0		60		128
0		2		8		4		0		60		128
1		13		22		19		1		80		128
0		5		11		12		1		100		128
1		3		12		11		0		40		128
0		1		11		7		0		40		128
1		1		11		10		0		40		128
1		13		23		19		0		40		128
1		5		15		15		0		40		128
1		3		12		11		0		40		128
1		6		14		9		0		40		128
1		3		12		10		0		40		128
0		2		11		8		1		70		128
1		1		11		8		1		70		128
0		2		11		9		1		70		128
1		3		12		12		1		70		128
0		5		12		10		1		70		128
0		2		11		6		1		70		128
0		2		11		10		1		70		128
0		2		11		11		1		70		128
1		1		11		5		1		100		64
1		0		5		4		1		70		64
1		2		12		6		1		70		64
1		5		14		9		1		70		64
1		1		8		3		1		70		64
1		1		6		6		1		70		64
2		11		21		7		1		70		64
4		11		22		6		1		70		64
3		4		15		6		1		70		64
1		5		13		7		1		70		64
1		5		13		7		1		70		64
1		3		12		5		1		70		64
1		2		11		8		1		70		64
1		4		12		9		1		70		64
0		1		7		4		1		70		64
0		1		5		3		1		70		64
0		1		5		7		1		70		64
1		3		14		4		1		70		64
0		1		8		4		1		70		64
1		1		6		5		1		70		64
2		1		11		5		1		70		64
1		1		11		4		1		70		64
1		1		5		4		1		70		64
0		1		7		9		1		70		64
1		1		7		4		1		70		64
2		8		17		6		1		70		64
11		11		25		10		1		70		64
2		3		13		5		1		70		64
0		1		5		3		1		70		64
1		1		7		4		1		70		64
1		0		5		4		1		70		64
1		5		13		10		1		70		64
1		1		11		4		1		70		64
1		1		7		4		1		70		64
0		1		6		5		1		70		64
1		2		11		4		1		70		64
1		2		11		5		1		70		64
2		6		18		8		1		70		64
1		2		11		7		1		70		64
1		5		14		7		1		70		64
1		1		11		4		1		70		64
1		0		7		4		1		70		64
0		2		7		5		1		70		64
1		11		18		8		1		70		64
3		12		22		12		1		70		64
2		9		19		11		1		70		64
2		6		15		7		1		70		64
3		7		19		6		1		70		64
11		13		24		13		1		70		64
2		8		19		7		1		70		64
2		5		15		5		1		70		64
3		13		27		13		1		70		64
2		8		21		7		1		70		64
3		9		21		8		1		70		64
2		5		15		7		1		70		64
3		11		22		10		1		70		64
2		11		22		11		1		70		64
3		4		17		5		1		70		64
2		8		21		8		1		70		64
4		11		23		9		1		70		64
2		4		16		5		1		70		64
1		6		15		5		1		70		64
3		5		16		6		1		70		64
1		1		6		5		1		70		64
2		9		21		7		1		70		64
1		3		12		6		1		70		64
1		1		11		5		1		70		64
1		2		11		6		1		70		64
0		2		7		4		1		70		64
7		12		27		9		1		70		64
1		1		11		4		1		70		64
1		2		12		8		1		70		64
1		1		6		5		1		70		64
1		0		6		4		1		70		64
1		1		5		3		1		70		64
2		1		12		8		1		70		64
1		0		5		4		1		70		64
0		2		11		5		1		70		64
0		1		5		13		1		70		64
0		1		6		5		1		70		64
2		6		17		6		1		70		64
2		3		14		7		1		70		64
0		1		6		4		1		70		64
1		1		11		5		1		70		64
1		1		8		3		1		70		64
0		1		5		6		1		70		64
1		2		12		4		1		70		64
1		0		7		4		1		70		64
3		2		12		6		1		70		64
1		3		13		7		1		70		64
1		1		5		3		1		70		64
1		1		9		4		1		70		64
1		1		6		4		1		70		64
1		1		7		4		1		70		64
2		7		17		8		1		70		64
2		1		11		4		1		70		64
1		1		6		4		1		70		64
1		2		11		5		1		70		64
1		2		12		4		1		70		64
1		2		11		4		1		70		64
1		2		11		4		1		70		64
1		9		21		7		1		70		64
2		2		11		5		1		70		64
3		7		21		9		1		70		64
1		1		6		3		1		70		64
2		1		12		5		1		70		64
2		2		11		4		1		70		64
1		5		14		5		1		70		64
1		2		12		4		1		70		64
1		1		9		4		1		70		64
0		1		5		4		1		70		64
7		4		18		5		1		70		64
1		1		6		4		1		70		64
1		1		6		4		1		70		64
2		1		11		7		1		70		64
3		3		13		6		1		70		64
1		1		6		4		1		70		64
2		1		12		9		1		70		64
3		2		15		7		1		70		64
1		2		11		6		1		70		64
2		0		7		4		1		70		64
1		1		7		6		1		70		64
1		1		8		4		1		70		64
1		0		6		4		1		70		64
1		1		8		8		1		70		64
1		1		5		5		1		70		64
2		0		5		4		1		70		64
1		1		5		4		1		70		64
1		1		11		5		1		70		64
1		1		11		4		1		70		64
1		4		14		6		1		70		64
1		3		13		7		1		70		64
1		2		11		6		1		70		64
1		1		5		4		1		70		64
1		1		11		6		1		70		64
0		1		6		5		1		70		64
1		2		12		6		1		70		64
1		1		9		5		1		70		64
1		2		11		4		1		70		64
0		1		9		4		1		70		64
1		2		11		7		1		70		64
0		1		6		5		1		70		64
0		1		6		4		1		70		64
2		1		11		3		1		70		64
1		1		11		4		1		70		64
1		1		9		3		1		70		64
1		1		11		7		1		70		64
2		8		21		10		1		70		64
1		2		11		5		1		70		64
1		11		21		9		1		70		64
0		1		8		5		1		70		64
2		6		15		8		1		70		64
1		1		9		6		1		70		64
0		2		11		5		1		70		64
1		2		12		8		1		70		64
0		1		6		5		1		70		64
1		2		11		5		1		70		64
1		0		7		5		1		70		64
2		4		15		6		1		70		64
1		0		5		3		1		70		64
1		2		11		7		1		70		64
1		1		7		5		1		70		64
1		1		9		4		1		70		64
1		4		13		7		1		70		64
1		1		11		5		1		70		64
2		11		21		9		1		70		64
0		3		11		7		1		70		64
1		1		7		8		1		70		64
1		2		11		6		1		70		64
0		1		7		5		1		70		64
0		1		6		5		1		70		64
0		1		5		4		1		100		64
2		2		13		3		0		40		64
2		1		11		2		0		40		64
5		2		16		3		0		40		64
1		1		11		2		0		40		64
5		3		15		4		0		40		64
2		1		11		3		0		40		64
3		1		11		3		0		40		64
4		2		13		3		0		40		64
1		2		11		4		0		175		64
0		3		11		5		0		175		64
1		12		21		8		0		175		64
0		3		11		3		0		175		64
2		12		21		6		0		175		64
1		2		11		3		0		175		64
1		1		11		4		0		175		64
0		2		11		3		0		175		64
2		12		23		9		0		175		64
1		5		12		6		0		175		64
1		1		7		6		0		40		32
0		1		6		5		0		40		32
0		1		6		4		0		40		32
0		1		7		9		0		40		32
1		5		14		28		0		40		32
1		0		7		3		0		40		32
1		1		11		8		0		40		32
1		11		18		33		0		40		32
1		0		7		2		0		40		32
1		1		11		3		0		40		32
1		1		11		3		0		40		32
0		1		7		5		0		40		32
0		1		5		5		0		40		32
0		1		6		8		0		40		32
0		1		6		4		0		40		32
0		1		6		2		0		40		32
0		0		7		6		0		40		32
2		2		15		28		0		40		32
1		1		11		11		0		40		32
1		1		11		11		0		40		32
0		1		9		7		0		40		32
1		1		8		8		0		40		32
1		1		8		8		0		40		32
0		0		5		4		0		40		32
0		1		7		6		0		40		32
1		1		8		9		0		40		32
0		1		8		6		0		40		32
0		1		5		4		0		40		32
0		1		5		4		0		40		32
0		0		6		4		0		40		32
0		1		6		4		0		40		32
1		1		11		6		0		40		32
1		1		9		9		0		40		32
0		0		5		4		0		40		32
6		6		22		15		0		40		32
7		4		22		22		0		40		32
1		1		12		18		0		40		32
1		1		12		18		0		40		32
1		1		11		11		0		40		32
1		2		12		17		0		40		32
1		1		11		13		0		40		32
1		4		15		6		0		40		32
2		3		16		7		1		80		32
11		38		172		31		0		40		32
12		12		45		24		0		40		32
12		12		41		25		0		40		32
12		12		45		25		0		40		32
14		12		44		24		0		40		32
12		11		40		25		0		40		32
18		12		40		23		0		40		32
12		12		42		24		0		40		32
12		12		41		24		0		40		32
13		12		41		23		0		40		32
11		11		36		23		0		40		32
11		11		37		23		0		40		32
16		11		39		24		0		40		32
11		12		37		24		0		40		32
12		12		38		25		0		40		32
11		12		37		23		0		40		32
14		11		36		26		0		40		32
16		12		36		25		0		40		32
11		12		37		24		0		40		32
11		11		38		24		0		40		32
11		12		38		23		0		40		32
11		11		38		24		0		40		32
11		11		40		23		0		40		32
11		12		38		23		0		40		32
11		12		37		23		0		40		32
11		11		38		23		0		40		32
11		11		34		23		0		40		32
18		11		36		23		0		40		32
11		11		37		23		0		40		32
1		1		11		3		0		40		32
2		2		13		2		0		40		32
11		11		36		22		0		40		32
11		11		35		22		0		40		32
11		11		35		24		0		40		32
1		1		11		2		0		40		32
11		11		36		24		0		40		32
11		11		34		23		0		40		32
11		11		35		24		0		40		32
11		11		33		22		0		40		32
11		11		36		23		0		40		32
11		11		36		23		0		40		32
11		11		34		23		0		40		32
11		11		33		23		0		40		32
11		11		33		22		0		40		32
11		12		36		23		0		40		32
3		5		19		3		0		40		32
11		11		35		24		0		40		32
11		11		31		23		0		40		32
11		11		35		23		0		40		32
11		11		33		22		0		40		32
14		11		31		22		0		40		32
11		11		33		22		0		40		32
11		11		35		23		0		40		32
11		11		32		22		0		40		32
11		11		31		22		0		40		32
11		11		31		22		0		40		32
11		11		32		22		0		40		32
2		3		15		3		0		40		32
3		3		16		4		0		40		32
11		11		30		23		0		40		32
11		11		31		23		0		40		32
2		5		17		4		0		40		32
11		11		31		23		0		40		32
11		11		30		22		0		40		32
11		11		34		23		0		40		32
11		11		32		22		0		40		32
11		11		32		21		0		40		32
11		11		33		21		0		40		32
11		11		33		22		0		40		32
11		11		32		22		0		40		32
11		11		34		22		0		40		32
11		11		34		22		0		40		32
11		11		32		21		0		40		32
11		11		33		22		0		40		32
11		11		33		21		0		40		32
11		11		30		20		0		40		32
11		11		31		23		0		40		32
11		11		33		22		0		40		32
11		11		32		21		0		40		32
11		11		32		21		0		40		32
11		11		33		21		0		40		32
11		11		33		20		0		40		32
11		11		32		22		0		40		32
11		11		31		22		0		40		32
11		11		31		21		0		40		32
11		11		33		20		0		40		32
11		11		30		23		0		40		32
11		11		32		21		0		40		32
11		11		31		22		0		40		32
11		11		31		20		0		40		32
11		11		31		22		0		40		32
11		11		33		21		0		40		32
11		11		31		21		0		40		32
11		11		31		21		0		40		32
11		11		30		21		0		40		32
11		11		33		21		0		40		32
11		11		32		22		0		40		32
11		11		32		20		0		40		32
11		11		31		20		0		40		32
11		11		32		20		0		40		32
13		11		30		21		0		40		32
11		11		29		20		0		40		32
11		11		30		20		0		40		32
11		11		31		20		0		40		32
11		11		30		20		0		40		32
11		11		30		20		0		40		32
11		11		29		20		0		40		32
11		11		31		19		0		40		32
11		11		29		20		0		40		32
11		7		25		20		0		40		32
11		5		24		17		0		40		32
11		11		29		20		0		40		32
11		11		30		19		0		40		32
11		5		24		17		0		40		32
11		5		25		16		0		40		32
11		11		29		20		0		40		32
11		7		25		17		0		40		32
11		7		25		18		0		40		32
11		11		29		20		0		40		32
11		11		29		20		0		40		32
11		11		28		20		0		40		32
11		11		29		19		0		40		32
11		11		28		20		0		40		32
7		7		22		4		0		40		32
11		5		25		17		0		40		32
11		11		28		18		0		40		32
11		7		25		18		0		40		32
11		5		25		2		0		40		32
11		5		24		17		0		40		32
11		11		28		21		0		40		32
11		5		25		16		0		40		32
11		8		25		18		0		40		32
6		7		21		4		0		40		32
7		11		22		5		0		40		32
11		8		26		18		0		40		32
11		11		28		17		0		40		32
11		11		27		18		0		40		32
11		6		25		16		0		40		32
11		8		26		17		0		40		32
11		5		24		18		0		40		32
11		7		25		19		0		40		32
11		6		24		19		0		40		32
3		1		13		4		0		40		32
2		1		12		4		0		40		32
11		4		24		15		0		40		32
11		4		23		17		0		40		32
11		4		24		17		0		40		32
11		5		24		17		0		40		32
5		11		22		4		0		40		32
11		5		23		21		0		40		32
2		0		11		3		0		40		32
11		5		24		19		0		40		32
11		5		24		16		0		40		32
11		4		24		17		0		40		32
11		4		23		16		0		40		32
11		4		23		16		0		40		32
11		4		23		16		0		40		32
11		5		23		17		0		40		32
11		4		23		17		0		40		32
11		4		23		17		0		40		32
11		4		23		15		0		40		32
11		4		23		15		0		40		32
11		4		23		16		0		40		32
11		4		24		17		0		40		32
11		4		23		16		0		40		32
11		4		24		16		0		40		32
11		5		24		15		0		40		32
11		4		23		17		0		40		32
11		4		24		16		0		40		32
11		5		24		15		0		40		32
11		4		23		16		0		40		32
11		5		25		15		0		40		32
11		6		26		14		0		40		32
11		6		26		13		0		40		32
11		7		26		16		0		40		32
11		7		26		17		0		40		32
3		1		12		3		0		40		32
11		6		25		15		0		40		32
11		5		25		16		0		40		32
11		5		25		16		0		40		32
3		1		12		3		0		40		32
3		1		12		4		0		40		32
11		6		25		16		0		40		32
11		6		26		17		0		40		32
11		6		26		16		0		40		32
11		6		25		16		0		40		32
11		6		25		16		0		40		32
11		6		26		16		0		40		32
11		5		26		16		0		40		32
11		6		26		15		0		40		32
11		5		26		17		0		40		32
11		6		26		16		0		40		32
11		6		26		15		0		40		32
11		6		26		16		0		40		32
7		8		22		4		0		40		32
11		6		25		17		0		40		32
6		7		22		4		0		40		32
11		6		25		15		0		40		32
6		7		21		4		0		40		32
7		7		21		4		0		40		32
11		6		25		0		0		40		32
11		6		25		17		0		40		32
7		8		22		4		0		40		32
11		6		26		16		0		40		32
11		6		26		17		0		40		32
11		6		26		17		0		40		32
11		6		26		16		0		40		32
11		6		26		16		0		40		32
11		6		27		17		0		40		32
11		6		26		17		0		40		32
11		6		27		15		0		40		32
11		6		26		17		0		40		32
11		7		26		16		0		40		32
11		6		26		18		0		40		32
8		7		21		4		0		40		32
11		6		26		17		0		40		32
11		6		26		17		0		40		32
11		6		26		17		0		40		32
11		6		26		16		0		40		32
11		6		26		16		0		40		32
11		7		26		15		0		40		32
11		6		25		16		0		40		32
11		6		26		17		0		40		32
11		6		26		16		0		40		32
11		8		26		17		0		40		32
11		6		26		16		0		40		32
11		7		26		16		0		40		32
11		6		26		17		0		40		32
11		6		26		16		0		40		32
11		6		26		16		0		40		32
0		0		0		1		0		40		32
11		6		26		17		0		40		32
11		6		26		17		0		40		32
11		6		26		17		0		40		32
11		7		26		17		0		40		32
11		6		26		16		0		40		32
11		8		26		18		0		40		32
11		6		26		17		0		40		32
11		6		26		17		0		40		32
11		6		26		17		0		40		32
11		7		26		17		0		40		32
7		5		21		4		0		40		32
11		7		26		17		0		40		32
11		6		26		17		0		40		32
11		6		26		17		0		40		32
11		6		26		17		0		40		32
11		6		26		16		0		40		32
11		6		27		16		0		40		32
11		6		26		16		0		40		32
11		6		26		17		0		40		32
11		7		27		18		0		40		32
11		7		26		16		0		40		32
11		6		26		16		0		40		32
9		8		22		5		0		40		32
11		6		26		16		0		40		32
11		6		26		16		0		40		32
11		7		26		16		0		40		32
11		7		26		17		0		40		32
11		6		26		17		0		40		32
11		7		26		17		0		40		32
11		6		26		16		0		40		32
11		5		26		17		0		40		32
11		6		26		17		0		40		32
0		0		0		2		0		40		32
11		6		26		17		0		40		32
11		5		25		17		0		40		32
11		6		26		17		0		40		32
11		6		26		16		0		40		32
11		6		26		16		0		40		32
11		7		26		16		0		40		32
11		6		26		17		0		40		32
11		6		26		15		0		40		32
11		7		26		17		0		40		32
11		6		25		17		0		40		32
11		6		26		18		0		40		32
6		8		22		3		0		40		32
11		6		25		17		0		40		32
11		6		26		16		0		40		32
11		6		26		16		0		40		32
11		6		26		15		0		40		32
11		6		25		16		0		40		32
11		6		25		15		0		40		32
11		6		26		16		0		40		32
11		6		26		16		0		40		32
11		6		25		17		0		40		32
5		6		21		4		0		40		32
11		6		26		16		0		40		32
11		7		26		18		0		40		32
11		6		26		17		0		40		32
11		6		26		16		0		40		32
11		6		26		17		0		40		32
11		8		26		18		0		40		32
11		6		26		16		0		40		32
3		1		12		3		0		40		32
11		6		26		17		0		40		32
11		6		25		16		0		40		32
11		6		25		16		0		40		32
3		1		12		5		0		40		32
11		6		26		16		0		40		32
11		6		26		16		0		40		32
11		7		26		15		0		40		32
11		7		26		18		0		40		32
11		6		26		16		0		40		32
11		6		26		17		0		40		32
11		6		26		15		0		40		32
11		7		26		16		0		40		32
2		1		11		3		0		40		32
11		6		27		17		0		40		32
11		6		26		15		0		40		32
11		7		26		15		0		40		32
11		6		26		16		0		40		32
11		6		26		16		0		40		32
11		5		25		16		0		40		32
11		5		25		16		0		40		32
11		5		26		16		0		40		32
11		6		25		16		0		40		32
11		6		25		15		0		40		32
11		6		25		16		0		40		32
11		6		25		16		0		40		32
11		5		24		12		0		40		32
11		5		24		12		0		40		32
11		5		24		12		0		40		32
11		5		24		11		0		40		32
11		5		24		14		0		40		32
11		5		24		12		0		40		32
11		4		23		12		0		40		32
11		4		23		12		0		40		32
11		5		24		11		0		40		32
11		5		24		11		0		40		32
11		4		23		10		0		40		32
11		5		23		11		0		40		32
11		5		23		11		0		40		32
17		11		34		19		0		50		32
12		11		36		20		0		50		32
12		11		33		19		0		50		32
12		11		35		23		0		40		32
18		11		35		24		0		40		32
11		5		23		12		0		40		32
11		5		23		13		0		40		32
11		4		23		13		0		40		32
11		4		23		14		0		40		32
11		11		25		16		0		40		32
11		4		23		13		0		40		32
11		11		26		18		0		40		32
11		11		27		19		0		40		32
11		11		27		19		0		40		32
4		12		25		26		0		40		32
2		1		12		9		0		40		32
2		0		6		3		1		100		16
0		0		2		6		0		50		16
0		1		8		5		0		50		16
1		0		4		2		0		50		16
0		0		1		5		0		50		16
0		0		1		6		0		50		16
0		0		1		7		0		50		16
0		0		1		3		0		50		16
0		0		1		6		0		50		16
0		0		1		5		0		50		16
0		0		1		5		0		50		16
0		0		1		2		0		50		16
0		0		1		6		0		50		16
0		0		1		3		0		50		16
0		0		1		5		0		50		16
1		1		6		7		0		50		16
0		0		1		6		0		50		16
0		0		1		2		0		50		16
0		0		1		4		0		50		16
0		0		1		2		0		50		16
0		0		1		5		0		50		16
0		0		1		5		0		50		16
0		0		0		3		0		50		16
0		0		0		5		0		50		16
0		0		0		4		0		50		16
0		0		0		5		0		50		16
0		0		0		6		0		50		16
0		0		0		3		0		50		16
0		0		1		2		0		50		16
0		0		1		6		0		50		16
0		0		1		2		0		50		16
1		0		2		3		0		50		16
0		0		1		5		0		50		16
2		1		6		8		0		50		16
0		0		1		6		0		50		16
0		0		1		5		0		50		16
0		0		1		3		0		50		16
1		0		2		4		0		50		16
0		0		1		3		0		50		16
0		0		1		2		0		50		16
0		0		1		7		0		50		16
0		0		1		5		0		50		16
0		0		1		3		0		50		16
0		0		1		5		0		50		16
0		0		1		2		0		50		16
0		0		1		5		0		50		16
0		0		1		6		0		50		16
0		0		1		4		0		50		16
0		0		1		3		0		50		16
0		0		1		2		0		50		16
1		0		3		4		0		50		16
0		0		1		6		0		50		16
0		0		1		3		0		50		16
0		0		1		6		0		50		16
0		0		2		2		0		50		16
0		0		1		7		0		50		16
1		0		2		2		0		50		16
1		0		4		3		0		50		16
0		0		1		7		0		50		16
0		0		1		4		0		50		16
0		0		1		3		0		50		16
0		0		1		6		0		50		16
0		0		1		8		0		50		16
0		0		1		7		0		50		16
0		0		1		4		0		50		16
1		0		2		4		0		50		16
0		0		2		4		0		50		16
0		0		2		4		0		50		16
1		0		1		3		0		50		16
0		0		1		7		0		50		16
0		0		1		6		0		50		16
0		0		1		3		0		50		16
1		3		12		9		0		120		8
1		5		13		18		0		120		8
1		6		13		5		0		120		8
0		3		12		6		0		120		8
1		8		15		6		0		120		8
2		7		15		6		0		120		8
0		11		17		7		0		50		8
0		3		11		3		0		40		8
0		2		9		4		0		40		8
0		3		11		4		0		40		8
0		3		11		4		0		40		8
0		4		11		4		0		40		8
0		3		7		3		0		40		8
0		2		8		4		0		40		8
0		1		7		4		0		40		8
0		1		6		3		0		40		8
0		2		11		4		0		40		8
0		2		5		5		0		40		8
0		1		6		3		0		40		8
3		0		11		5		1		69		8
1		0		5		5		1		69		8
2		0		11		4		1		69		8
2		0		8		5		1		69		8
2		0		5		4		1		69		8
2		0		6		5		1		69		8
1		0		7		4		1		69		8
2		11		22		22		1		69		8
0		1		7		5		1		143		8
0		3		11		5		0		100		8
1		8		15		6		0		100		8
1		11		17		7		0		100		8
1		9		15		7		0		100		8
1		11		21		7		0		100		8
1		11		21		6		0		100		8
1		11		14		7		0		100		8
1		11		16		6		0		100		8
0		5		13		6		0		100		8
1		11		15		6		0		100		8
1		8		14		8		0		100		8
0		8		14		6		0		100		8
1		11		19		9		0		100		8
1		11		17		5		0		100		8
1		11		19		6		0		100		8
1		9		17		6		0		100		8
1		11		19		6		0		100		8
1		11		16		7		0		100		8
0		2		11		4		0		100		8
0		2		11		3		0		100		8
0		2		8		3		0		100		8
0		1		5		4		0		100		8
0		2		11		4		0		100		8
0		2		11		5		0		100		8
0		1		6		4		0		100		8
0		2		8		3		0		100		8
1		1		8		4		0		100		8
1		1		11		7		1		100		4
9		7		21		10		1		80		4
0		1		4		4		1		120		4
1		5		15		12		0		290		4
1		1		11		6		0		185		4
2		5		16		4		0		200		4
1		1		11		15		0		200		4
1		2		12		7		0		50		4
0		2		11		4		0		50		4
1		4		13		5		0		50		4
0		2		12		7		0		70		4
2		0		11		3		0		40		4
0		3		11		5		0		40		4
1		1		11		7		0		50		4
1		1		11		9		0		70		4
1		2		12		5		1		70		4
1		1		11		9		1		70		4
4		0		11		5		1		50		4
1		1		11		9		1		50		4
3		2		15		6		0		50		4
2		1		11		6		0		50		4
1		2		11		10		0		50		4
1		2		12		14		1		80		4
1		1		11		5		1		80		4
1		1		11		9		1		60		4
0		1		5		6		1		60		4
0		1		8		6		1		60		4
0		0		3		5		1		60		4
0		0		4		7		1		60		4
0		0		3		5		1		60		4
0		0		3		6		1		60		4
1		0		6		8		1		60		4
0		0		3		6		1		60		4
0		0		3		5		1		60		4
0		0		3		5		1		60		4
1		0		6		9		1		60		4
1		1		6		8		1		60		4
1		1		11		9		1		60		4
1		1		11		12		1		60		4
0		1		6		6		1		60		4
0		1		11		8		1		60		4
3		3		16		13		1		60		4
1		1		9		8		1		60		4
1		1		6		5		1		60		4
0		1		6		7		1		60		4
0		3		11		8		1		60		4
1		1		7		8		1		60		4
1		1		8		6		1		60		4
1		1		8		8		1		60		4
0		0		5		7		1		60		4
1		2		12		9		1		60		4
1		2		11		7		1		60		4
0		1		11		8		1		60		4
1		2		11		7		1		60		4
1		1		11		9		1		60		4
2		2		13		13		1		60		4
0		1		5		6		1		60		4
1		1		11		8		1		60		4
1		1		8		5		1		60		4
1		1		8		9		1		60		4
0		1		5		5		1		60		4
2		3		16		16		1		60		4
1		1		6		6		1		60		4
1		1		11		11		1		60		4
3		2		16		16		1		60		4
1		2		11		9		1		60		4
0		1		7		7		1		60		4
1		1		11		10		1		60		4
1		0		8		6		1		60		4
1		2		11		5		1		60		4
0		1		9		8		1		60		4
1		1		11		10		1		60		4
0		1		6		5		1		60		4
0		1		9		6		1		60		4
1		1		11		8		1		60		4
2		1		12		5		1		60		4
0		1		7		6		1		60		4
1		0		6		7		1		60		4
1		1		11		10		1		60		4
1		1		6		4		1		60		4
0		0		5		5		1		60		4
0		1		6		7		1		60		4
3		4		18		6		1		70		4
0		1		6		12		1		70		4
1		1		5		4		1		70		4
0		1		7		12		1		70		4
2		9		21		5		1		70		4
2		9		21		7		1		70		4
0		1		6		4		1		70		4
0		1		6		7		1		70		4
1		2		12		6		1		70		4
1		0		7		9		1		70		4
0		0		5		7		1		70		4
1		1		7		7		1		70		4
1		2		12		9		1		70		4
0		0		5		4		1		70		4
1		1		8		5		1		70		4
0		0		5		6		1		70		4
1		1		11		8		1		70		4
2		2		13		16		1		70		4
0		1		6		5		1		70		4
1		1		11		5		0		40		4
0		2		7		3		0		40		4
8		2		18		6		0		40		4
0		0		5		5		0		40		4
0		2		11		4		0		40		4
0		1		5		5		0		40		4
0		1		8		5		0		40		4
0		1		5		4		0		40		4
0		1		6		4		0		40		4
0		1		7		4		0		40		4
0		2		11		4		0		40		4
0		1		6		4		0		40		4
0		0		5		7		0		40		4
1		1		11		5		0		40		4
0		1		6		5		0		40		4
1		1		7		3		0		40		4
1		1		8		3		0		40		4
1		0		5		2		0		40		4
2		1		11		9		1		69		4
1		0		5		7		1		69		4
1		3		11		6		1		69		4
1		2		12		12		1		69		4
0		1		8		6		1		69		4
0		2		11		5		1		69		4
1		1		8		5		1		69		4
1		0		11		9		1		69		4
1		1		11		5		1		69		4
1		0		8		5		1		69		4
1		0		5		4		1		69		4
2		0		7		6		1		69		4
0		0		5		8		1		150		4
1		2		12		8		1		100		4
1		1		11		6		1		100		4
3		6		19		7		1		100		4
0		0		5		5		1		100		4
2		2		12		16		1		100		4
0		0		5		6		1		100		4
1		0		5		4		1		100		4
0		4		12		6		1		100		4
1		2		11		5		1		100		4
1		2		11		6		1		100		4
1		3		13		5		1		100		4
1		1		11		9		1		100		4
2		2		14		15		1		100		4
1		1		11		6		1		100		4
0		1		9		5		1		100		4
1		1		11		8		1		100		4
0		1		6		7		1		100		4
0		1		6		7		1		120		4
1		1		11		10		1		100		4
1		2		12		12		1		80		4
1		1		8		6		1		80		4
1		1		11		6		1		80		4
1		1		11		7		1		80		4
0		2		8		5		1		80		4
1		1		11		7		1		80		4
0		1		8		4		1		80		4
0		1		6		4		1		80		4
1		1		8		7		1		80		4
0		1		7		7		1		80		4
1		1		6		7		1		80		4
2		2		13		11		1		80		4
1		1		8		7		1		80		4
1		0		8		5		1		80		4
0		1		6		5		1		80		4
1		1		11		6		1		80		4
0		0		5		7		1		80		4
0		1		3		6		1		211		4
2		0		5		5		1		211		4
1		1		11		14		1		143		4
1		1		7		6		1		143		4
1		1		11		8		1		60		4
0		0		3		6		1		100		4
0		0		3		5		1		100		4
0		0		2		5		1		100		4
0		0		4		8		1		100		4
1		3		12		4		1		70		4
0		0		6		6		1		70		4
1		1		8		9		1		70		4
1		1		11		9		1		70		4
1		1		11		4		1		70		4
0		0		5		5		1		70		4
1		1		6		7		1		70		4
1		1		6		7		1		70		4
1		1		11		7		1		70		4
0		0		5		6		1		70		4
1		1		7		8		1		70		4
1		1		6		7		1		70		4
1		1		11		4		1		70		4
1		1		11		7		1		70		4
1		0		6		5		1		70		4
1		0		5		4		1		70		4
1		1		11		9		1		70		4
1		0		5		7		1		70		4
3		3		17		24		1		70		4
0		1		6		4		1		70		4
0		0		5		5		1		70		4
1		1		9		8		1		85		4
0		1		8		9		1		85		4
1		0		7		4		1		85		4
1		1		6		4		1		85		4
0		0		5		8		1		80		4
1		1		8		8		1		80		4
1		1		11		6		1		80		4
0		0		6		8		1		80		4
1		1		7		10		1		80		4
0		1		7		10		1		80		4
0		0		5		3		0		40		4
1		1		8		7		0		40		4
1		1		11		4		0		40		4
1		1		11		8		0		50		4
0		1		8		5		0		50		4
0		0		3		2		0		50		4
1		1		6		6		0		50		4
1		4		12		6		0		40		4
3		5		21		13		0		40		4
4		9		22		12		0		40		4
1		1		11		7		0		40		4
0		1		6		5		0		40		4
1		2		12		5		0		40		4
0		1		6		5		0		40		4
1		4		13		3		0		40		4
0		1		5		3		0		40		4
0		1		8		6		0		40		4
1		1		11		8		0		40		4
1		1		9		8		0		200		4
1		2		11		6		0		40		4
1		2		11		4		0		40		4
2		5		16		8		0		40		4
2		5		21		11		0		40		4
2		4		15		12		0		40		4
15		3		28		7		0		40		4
2		2		11		3		0		40		4
0		1		6		3		0		185		4
0		1		5		4		0		185		4
1		1		9		7		0		175		4
1		3		12		7		0		175		4
1		2		12		5		0		175		4
0		1		8		6		0		175		4
1		4		12		5		0		175		4
1		1		5		5		0		175		4
0		1		6		5		0		175		4
1		3		12		5		0		175		4
6		1		13		3		0		100		4
2		0		11		4		0		100		4
2		1		11		3		0		100		4
2		1		11		5		0		100		4
2		1		11		4		0		100		4
3		1		11		4		0		100		4
4		1		12		4		0		100		4
2		1		11		4		0		100		4
1		1		11		5		0		100		4
1		2		11		10		0		100		4
1		1		11		4		0		100		4
1		4		13		14		0		100		4
1		3		12		9		0		100		4
1		2		11		8		0		50		4
1		1		11		8		0		40		4
1		1		11		4		0		120		4
2		2		13		9		0		175		4
1		1		11		4		0		40		4
1		1		12		9		0		40		4
2		1		12		8		0		40		4
1		1		11		3		0		40		4
1		1		11		8		0		40		4
1		1		11		8		0		40		4
2		3		15		10		0		40		4
7		9		23		8		0		40		4
1		2		12		11		0		40		4
1		1		11		9		0		40		4
0		1		11		8		0		40		4
1		5		14		6		0		40		4
1		1		11		11		1		120		4
1		1		11		11		1		80		4
1		1		11		9		1		80		4
3		2		14		6		1		80		4
1		1		11		7		1		80		4
1		1		11		6		1		80		4
1		2		12		11		1		80		4
1		1		11		10		1		80		4
1		1		11		15		1		80		4
4		3		15		6		1		80		4
2		1		11		7		1		80		4
1		1		11		4		1		80		4
8		11		23		13		1		80		4
11		11		24		8		1		80		4
5		7		21		6		1		80		4
4		2		15		6		1		80		4
4		3		15		35		1		80		4
3		5		17		6		1		80		4
3		5		19		8		1		80		4
3		2		15		14		1		80		4
2		2		13		5		1		80		4
2		2		12		8		1		80		4
2		2		12		5		1		80		4
1		2		12		12		1		80		4
1		1		11		12		1		70		4
1		2		12		9		1		70		4
1		1		11		13		1		70		4
1		1		11		14		1		70		4
1		1		11		12		1		70		4
2		3		13		9		1		70		4
1		1		11		11		1		70		4
1		1		11		13		1		70		4
1		1		11		13		1		70		4
1		1		11		13		1		70		4
1		1		11		9		1		70		4
1		1		11		11		1		70		4
1		1		11		9		1		70		4
1		1		11		12		1		70		4
1		1		11		14		1		70		4
1		3		12		19		1		70		4
1		1		11		10		1		70		4
1		2		12		13		1		70		4
0		3		11		8		1		70		4
1		1		11		17		1		70		4
1		2		12		14		1		70		4
1		1		11		11		1		70		4
1		1		11		9		1		70		4
2		2		14		13		1		70		4
3		2		14		7		0		40		4
0		2		11		7		0		40		4
0		1		7		5		0		40		4
0		1		6		4		0		40		4
1		1		11		10		0		40		4
0		2		11		4		0		40		4
0		1		6		3		0		40		4
0		1		5		5		0		40		4
0		1		6		3		0		40		4
1		1		12		3		0		60		4
2		1		11		7		1		80		4
1		1		11		7		1		80		4
5		1		11		7		1		80		4
2		1		11		7		1		80		4
2		1		11		5		1		80		4
2		1		11		7		1		80		4
3		0		11		7		1		80		4
1		1		11		10		1		80		4
2		1		11		8		1		80		4
2		1		11		6		1		80		4
1		1		11		6		1		80		4
2		1		11		6		1		80		4
1		1		11		8		1		80		4
1		1		11		9		1		80		4
1		2		11		10		1		80		4
1		1		11		7		1		80		4
2		2		11		8		1		80		4
1		1		11		5		1		80		4
2		1		11		6		1		80		4
2		2		11		7		1		80		4
2		1		11		7		1		80		4
2		1		11		5		1		80		4
2		1		11		5		1		80		4
2		2		11		6		1		80		4
1		3		13		8		1		80		4
3		2		12		6		1		80		4
2		1		11		8		1		80		4
1		1		11		6		1		80		4
3		2		13		5		1		80		4
1		2		11		5		1		80		4
2		2		11		6		1		80		4
1		1		11		5		1		80		4
2		1		11		6		1		80		4
2		1		11		5		1		80		4
3		1		11		6		1		80		4
3		2		12		7		1		80		4
1		3		12		7		1		80		4
6		1		13		6		1		80		4
1		2		12		7		1		80		4
3		2		13		6		1		100		4
2		1		11		5		1		100		4
1		1		11		3		0		40		4
2		3		15		7		0		40		4
1		2		11		5		0		40		4
2		4		17		10		0		40		4
2		2		13		9		0		40		4
1		1		11		6		0		40		4
1		2		11		6		0		40		4
1		1		11		5		0		40		4
1		1		11		4		0		40		4
1		1		11		5		0		40		4
1		1		11		5		0		40		4
1		1		11		5		0		40		4
1		2		12		9		0		40		4
3		3		16		10		0		40		4
3		2		15		12		0		40		4
0		3		11		7		1		70		4
1		2		11		10		1		70		4
1		1		11		11		1		80		4
1		1		11		5		1		80		4
0		2		11		10		1		80		4
1		2		13		14		1		200		4
1		1		11		9		1		200		4
1		2		12		11		1		200		4
1		2		12		16		1		200		4
1		1		11		14		1		200		4
2		4		15		11		1		200		4
1		2		11		5		1		200		4
1		2		11		5		1		200		4
2		1		12		17		1		200		4
4		5		21		15		1		200		4
1		1		11		9		0		40		2
0		11		15		6		0		70		2
2		11		22		20		0		70		2
3		11		24		28		0		70		2
2		12		22		16		0		70		2
1		2		12		10		0		70		2
1		3		13		17		0		70		2
0		0		1		5		1		143		2
11		5		25		16		0		40		2
11		6		25		17		0		40		2
0		1		6		6		1		80		2
0		2		11		7		1		80		2
0		1		11		5		1		80		2
1		4		13		7		1		80		2
1		1		11		6		1		80		2
0		3		11		4		0		120		2
0		1		11		7		0		120		2
1		5		13		9		0		175		2
0		3		11		7		0		175		2
0		2		11		4		0		40		2
1		2		12		6		0		40		2
3		13		26		27		0		40		2
1		4		12		4		0		200		2
1		11		21		10		0		200		2
0		2		11		9		0		200		2
0		2		11		8		0		200		2
1		2		11		8		0		200		2
1		1		11		9		0		200		2
1		1		11		10		0		200		2
0		1		11		6		0		200		2
0		3		11		7		0		200		2
1		2		11		4		0		200		2
0		3		12		7		0		200		2
0		2		11		6		0		200		2
1		3		13		8		0		200		2
1		2		11		7		0		200		2
0		3		11		4		0		200		2
0		2		11		4		0		200		2
0		3		11		5		0		200		2
0		2		11		8		1		100		2
0		1		9		7		1		100		2
0		1		5		5		1		70		2
0		3		8		7		1		70		2
0		2		11		7		0		90		2
1		5		13		3		0		185		2
0		11		18		6		0		185		2
0		2		11		3		0		185		2
0		5		12		5		0		185		2
1		1		11		4		0		40		2
1		2		11		4		0		40		2
1		2		11		4		0		40		2
1		2		11		4		0		40		2
1		3		11		4		0		40		2
2		1		11		4		0		40		2
1		3		12		3		0		40		2
0		2		11		4		0		40		2
1		2		11		4		0		40		2
1		1		11		3		0		40		2
1		1		11		3		0		40		2
1		4		12		6		0		40		2
1		2		11		3		0		40		2
1		3		11		4		0		40		2
2		1		11		3		0		40		2
1		1		11		4		0		40		2
1		3		11		3		0		40		2
1		4		12		5		0		40		2
1		3		12		7		0		40		2
1		3		13		3		0		40		2
0		4		12		6		0		40		2
2		2		12		4		0		40		2
1		3		12		6		0		40		2
1		4		13		3		0		40		2
1		2		12		3		0		40		2
0		1		5		7		0		40		2
1		1		11		10		0		185		2
1		1		9		9		0		175		2
1		3		12		11		0		175		2
0		1		5		5		0		100		2
1		2		13		15		0		60		2
1		3		13		9		0		60		2
0		2		11		7		0		60		2
1		2		11		10		1		200		2
11		0		18		3		0		40		2
3		0		11		3		0		200		2
12		11		21		6		0		40		2
0		0		4		4		0		50		2
3		2		13		3		0		40		2
3		1		11		5		0		40		2
11		2		21		3		0		70		2
2		2		11		3		0		70		2
6		0		11		27		0		40		2
11		0		16		8		1		80		2
1		0		2		2		0		50		2
3		4		21		14		0		40		2
11		1		15		4		0		40		2
12		1		21		5		0		40		2
11		1		19		4		0		40		2
1		0		7		3		0		40		2
2		0		6		5		1		80		2
2		0		6		4		1		80		2
1		1		7		4		1		80		2
1		0		4		6		1		80		2
2		0		5		5		1		80		2
1		0		5		4		1		80		2
1		0		7		4		1		80		2
0		0		4		6		1		80		2
1		0		5		4		1		80		2
13		1		24		10		1		100		2
16		3		31		34		1		100		2
15		3		30		12		1		100		2
4		1		13		5		1		100		2
14		2		26		9		1		100		2
11		1		19		7		1		100		2
12		1		21		7		1		100		2
21		3		35		14		1		100		2
12		1		21		8		1		100		2
9		0		13		4		0		40		2
5		0		11		5		0		40		2
11		1		15		4		0		40		2
11		0		13		4		0		40		2
4		0		11		3		0		40		2
4		0		12		4		0		40		2
14		1		23		7		0		40		2
7		0		12		3		0		40		2
5		0		11		3		0		40		2
2		0		11		3		0		40		2
3		0		11		3		0		40		2
0		1		5		3		0		40		2
3		7		21		11		0		40		2
2		4		16		16		0		40		2
2		4		15		2		0		40		2
6		11		22		4		0		40		2
2		1		11		5		0		40		2
1		1		11		6		1		80		2
1		1		11		4		0		185		2
1		1		11		8		0		185		2
1		1		11		5		0		40		2
0		1		6		6		1		80		2
1		0		6		4		1		80		2
1		0		6		7		1		80		2
0		0		6		5		1		70		2
0		0		4		6		1		70		2
0		0		3		4		1		70		2
0		1		6		8		1		70		2
1		1		8		9		1		100		2
1		1		7		8		1		100		2
0		1		8		5		1		100		2
0		0		5		5		1		100		2
1		0		4		5		1		100		2
1		0		5		5		1		100		2
1		2		11		9		1		50		2
1		2		12		9		1		50		2
1		1		11		12		0		50		2
1		1		11		3		1		70		2
1		0		6		6		1		70		2
1		1		11		3		1		70		2
1		2		12		8		1		70		2
0		1		6		8		1		70		2
1		1		9		11		1		70		2
1		1		7		7		1		70		2
1		1		11		4		1		70		2
1		3		12		5		1		70		2
1		0		5		7		1		70		2
1		1		8		6		1		70		2
1		1		12		15		1		69		2
1		1		11		12		1		69		2
1		0		6		9		1		150		2
0		0		3		6		1		150		2
1		1		9		12		1		150		2
1		1		11		5		1		150		2
1		1		11		15		1		150		2
0		1		7		10		1		100		2
2		2		14		20		1		100		2
0		1		5		6		1		100		2
1		1		11		8		1		100		2
1		1		11		10		1		100		2
4		4		21		16		1		80		2
1		0		6		8		1		80		2
1		1		11		6		1		80		2
1		1		11		8		1		80		2
3		6		21		15		1		80		2
1		1		8		11		1		100		2
1		0		6		8		1		100		2
0		1		6		8		1		70		2
1		1		11		6		0		40		2
2		3		14		6		0		40		2
1		1		11		4		0		40		2
0		0		5		6		0		175		2
1		1		8		4		0		120		2
0		0		5		5		0		40		2
1		1		11		30		0		40		2
0		1		5		4		0		70		2
0		1		9		4		0		40		2
1		2		11		7		0		40		2
2		3		15		9		0		40		2
2		2		14		21		0		40		2
1		1		11		11		1		80		2
1		1		7		7		0		60		2
1		1		8		7		0		60		2
1		1		11		5		0		60		2
1		0		7		6		0		60		2
0		0		3		4		0		60		2
0		1		7		6		0		60		2
0		0		5		6		0		60		2
3		3		16		14		1		80		2
1		1		11		3		0		40		2
1		1		11		6		0		40		2
1		1		11		5		0		40		2
1		2		11		6		0		40		2
2		1		13		9		0		40		2
1		1		11		11		1		200		2
2		6		14		4		0		300		2
4		9		21		5		0		300		2
1		4		13		4		0		300		2
1		3		12		4		0		300		2
2		6		17		4		0		300		2
1		4		12		3		0		300		2
1		3		13		2		0		300		2
1		2		12		6		0		300		2
2		5		17		6		0		300		2
1		2		11		4		0		300		2
1		2		11		5		0		300		2
2		6		17		9		0		300		2
1		4		14		5		0		300		2
2		5		15		15		0		300		2
1		2		11		5		0		300		2
1		4		13		15		0		300		2
1		4		13		6		0		300		2
1		1		11		5		0		300		2
1		2		12		8		0		300		2
2		7		18		6		0		300		2
1		2		11		4		0		300		2
2		4		14		6		0		300		2
1		5		15		6		0		300		2
3		8		21		16		0		300		2
3		11		22		6		0		300		2
4		13		24		7		0		300		2
6		12		26		9		0		300		2
1		2		11		4		0		120		2
1		4		12		4		0		120		2
2		5		14		4		0		120		2
1		1		8		3		0		70		2
1		1		9		3		0		70		2
2		11		21		4		0		70		2
1		1		8		5		0		70		2
1		2		11		4		0		70		2
0		2		11		4		0		40		2
1		2		12		5		0		40		2
3		12		22		5		0		40		2
0		6		13		16		1		80		2
1		3		13		12		0		50		2
0		1		11		13		0		50		2
0		2		11		10		0		50		2
1		12		21		23		0		70		2
0		5		11		12		0		70		2
1		5		12		16		0		70		2
3		12		23		26		0		70		2
1		5		13		16		0		70		2
1		4		12		4		0		70		2
0		1		11		5		0		50		2
1		3		12		3		0		70		2
4		12		25		20		0		50		2
0		1		5		7		1		60		2
1		2		12		6		1		60		2
1		4		14		4		1		70		2
2		4		16		7		1		70		2
0		1		9		8		1		70		2
6		12		26		11		1		70		2
2		2		12		5		1		69		2
1		0		5		5		1		69		2
2		0		8		8		1		143		2
1		1		11		4		0		180		2
2		0		9		3		0		40		2
1		2		12		8		0		40		2
1		0		5		2		0		40		2
7		12		23		10		0		40		2
3		1		12		4		0		40		2
1		1		8		3		0		40		2
1		1		11		4		0		40		2
1		2		11		11		0		40		2
0		1		6		6		0		40		2
0		1		9		5		0		40		2
2		0		7		4		0		40		2
0		1		5		5		0		40		2
0		1		6		5		0		40		2
0		3		11		4		0		40		2
0		2		8		3		0		40		2
0		3		7		4		0		40		2
4		0		8		26		0		40		2
3		0		7		9		0		40		2
2		0		8		3		1		100		2
1		2		11		3		1		100		2
0		0		1		4		1		100		2
1		0		3		3		0		180		2
3		1		11		3		0		50		2
1		1		9		4		1		50		2
4		3		18		6		1		80		2
11		6		21		27		1		80		2
1		3		13		10		1		150		2
1		11		18		9		1		150		2
1		2		11		4		1		80		2
1		1		11		5		1		80		2
1		1		11		9		1		80		2
1		1		11		9		1		80		2
0		2		11		8		1		80		2
2		13		23		11		1		80		2
2		11		21		6		1		80		2
1		11		17		7		1		80		2
2		11		21		8		1		80		2
1		11		18		9		1		80		2
0		11		17		5		1		80		2
1		11		19		9		1		80		2
1		11		21		8		1		80		2
1		11		19		9		1		80		2
1		11		17		8		1		80		2
1		11		18		7		1		80		2
1		0		6		4		1		80		2
0		4		11		7		1		80		2
1		1		5		3		1		100		2
2		2		13		6		1		100		2
1		3		13		19		0		150		2
2		3		13		5		0		200		2
0		3		11		5		0		200		2
1		2		12		9		0		40		2
11		14		57		23		0		40		2
2		2		12		3		0		70		2
3		5		21		8		0		70		2
2		9		21		5		0		70		2
0		2		11		3		0		70		2
1		11		17		7		0		70		2
1		5		14		4		0		70		2
1		2		11		3		0		70		2
1		3		12		4		0		70		2
1		7		17		8		1		100		2
6		3		21		5		0		300		2
1		2		11		6		0		250		2
1		1		11		13		0		40		2
3		5		21		10		1		80		2
0		1		6		5		1		60		2
1		1		11		3		1		70		2
0		1		6		7		1		70		2
1		2		11		7		1		70		2
0		1		7		5		1		70		2
1		1		11		7		1		70		2
1		1		11		13		1		70		2
11		2		22		18		1		70		2
2		2		12		3		1		70		2
1		1		7		3		1		70		2
2		0		7		4		1		70		2
11		9		26		21		1		70		2
1		0		8		5		1		70		2
1		1		7		7		1		70		2
1		1		7		6		1		70		2
1		3		12		7		1		70		2
2		0		8		4		1		70		2
1		1		8		6		1		70		2
1		4		14		5		1		70		2
1		1		11		4		1		70		2
0		0		5		6		1		70		2
2		1		11		7		1		70		2
0		1		5		5		1		70		2
0		1		7		5		1		100		2
1		2		11		10		1		100		2
1		1		8		5		1		100		2
1		0		5		5		1		100		2
1		1		7		4		1		120		2
0		1		7		8		1		80		2
1		1		8		5		1		80		2
1		1		11		6		1		80		2
5		5		17		13		1		80		2
0		0		5		7		1		70		2
1		1		8		4		1		70		2
1		2		11		5		0		40		2
1		1		11		4		0		40		2
0		1		4		2		0		40		2
0		1		6		7		0		40		2
0		1		4		3		0		40		2
1		4		12		9		0		40		2
2		6		16		12		0		40		2
0		1		4		5		0		130		2
0		0		2		2		0		130		2
0		1		8		3		0		130		2
0		1		6		5		0		130		2
1		2		13		10		0		130		2
1		2		11		11		0		40		2
1		3		14		9		0		40		2
0		0		5		3		0		185		2
0		2		7		4		0		175		2
1		2		12		3		0		70		2
5		2		13		4		0		70		2
1		3		12		8		0		70		2
0		1		6		4		0		70		2
1		1		11		11		0		40		2
1		1		11		9		1		80		2
0		2		11		5		0		40		2
0		2		11		6		1		200		2
1		1		11		10		1		200		2
1		1		11		12		1		200		2
6		2		19		21		1		200		2
1		2		11		9		1		200		2
12		13		39		17		1		200		2
1		3		12		7		1		200		2
2		1		12		7		1		200		2
2		2		12		9		1		200		2
2		2		12		6		1		200		2
0		6		12		3		0		70		2
0		3		11		5		0		40		2
1		1		7		6		1		100		2
7		5		21		7		1		69		2
2		0		6		3		1		69		2
1		1		6		4		1		69		2
4		1		12		4		0		70		2
3		11		21		7		1		100		2
1		4		12		4		0		40		2
1		1		9		3		0		40		2
6		12		23		6		0		200		2
3		11		22		7		0		200		2
2		11		21		5		0		200		2
1		0		5		3		0		200		2
1		0		6		4		0		200		2
3		11		22		9		0		200		2
1		0		6		3		0		200		2
7		12		28		10		0		200		2
1		0		6		5		0		200		2
2		11		21		7		0		200		2
0		11		21		12		0		200		2
7		11		26		8		0		200		2
1		1		11		3		0		200		2
1		7		14		4		0		200		2
0		2		11		3		0		220		2
2		7		19		4		0		220		2
1		6		14		4		0		220		2
1		7		15		4		0		220		2
1		2		11		3		0		220		2
2		6		15		3		0		220		2
2		8		19		5		0		220		2
2		11		21		5		0		220		2
2		8		21		4		0		220		2
2		11		21		6		0		220		2
2		12		21		6		0		220		2
4		11		23		6		0		220		2
4		11		22		6		0		220		2
2		11		21		6		0		220		2
1		0		11		3		0		70		2
3		1		11		4		0		70		2
1		1		11		4		0		140		2
1		4		13		6		0		40		2
1		1		11		3		0		40		2
2		1		11		3		0		40		2
1		1		11		3		0		40		2
1		1		11		4		0		40		2
1		2		12		5		0		40		2
2		1		12		6		0		40		2
0		2		11		4		0		40		2
1		1		11		3		0		40		2
1		1		11		3		0		40		2
1		2		12		6		0		40		2
0		2		11		5		0		40		2
1		2		11		3		0		40		2
1		2		11		3		0		40		2
1		1		11		8		0		40		2
1		1		11		3		0		40		2
1		2		12		14		0		40		2
1		1		11		3		0		40		2
1		1		11		7		0		40		2
1		1		11		3		0		40		2
1		2		11		8		0		40		2
1		1		11		3		0		40		2
1		1		11		11		0		40		2
0		4		11		8		0		40		2
2		0		6		5		1		69		2
1		1		11		6		1		100		2
2		2		12		4		0		40		2
2		2		12		2		0		40		2
2		2		13		4		0		40		2
2		1		12		4		0		40		2
2		1		11		3		0		40		2
5		2		13		8		1		300		2
0		1		5		4		1		300		2
3		1		11		4		1		100		2
3		11		22		6		0		40		2
11		11		21		4		0		40		2
1		1		6		4		1		70		2
2		7		18		5		1		70		2
1		0		5		3		1		70		2
2		6		16		6		1		70		2
1		1		8		5		1		70		2
0		1		5		4		1		70		2
0		1		6		5		1		70		2
1		1		7		4		1		70		2
2		0		7		5		1		70		2
6		2		15		5		1		70		2
0		1		8		4		1		70		2
3		2		15		8		1		70		2
1		5		14		4		0		130		2
7		2		15		5		0		175		2
3		2		12		4		0		175		2
4		2		13		5		0		175		2
2		1		12		5		0		175		2
3		2		12		3		0		50		2
2		2		12		4		0		50		2
2		1		12		4		0		50		2
1		2		12		4		0		50		2
3		3		13		4		0		50		2
3		1		12		3		0		50		2
3		2		12		4		0		50		2
2		2		13		4		0		50		2
1		1		11		4		0		40		2
1		1		11		4		0		40		2
3		4		16		6		0		40		2
3		2		12		8		0		40		2
3		2		14		6		0		40		2
4		2		13		5		0		40		2
2		1		12		4		0		40		2
9		4		21		6		0		40		2
2		6		16		4		0		40		2
2		2		12		5		0		40		2
1		1		11		4		0		40		2
1		1		11		4		0		40		2
2		1		12		6		0		40		2
1		1		11		3		0		40		2
0		1		5		4		1		100		2
1		0		5		4		1		100		2
5		4		21		6		1		100		2
0		0		6		5		1		120		2
2		13		24		20		1		120		2
0		1		8		5		1		120		2
1		0		6		6		1		120		2
0		0		3		2		0		50		2
1		1		5		7		1		300		2
1		1		5		7		1		300		2
1		1		7		7		1		300		2
1		0		7		4		1		300		2
1		1		6		4		1		300		2
0		1		7		8		1		300		2
1		0		6		4		1		300		2
0		0		5		9		1		300		2
1		1		6		7		1		300		2
1		1		9		8		1		300		2
1		0		6		4		1		100		2
2		2		12		6		1		120		2
1		2		12		14		1		143		2
1		0		3		4		0		60		2
0		2		11		6		0		175		2
3		1		11		3		0		40		2
0		1		5		3		0		40		2
1		3		13		7		1		100		2
0		1		11		6		1		100		2
0		1		3		5		1		211		2
0		1		6		4		0		130		2
0		1		8		7		0		175		2
0		2		11		5		0		100		2
0		2		11		5		0		70		2
0		11		15		7		0		40		2
1		1		9		8		1		300		2
1		1		11		9		1		300		2
1		2		11		7		1		300		2
0		2		8		4		0		200		2
1		0		3		4		0		200		2
0		0		3		3		0		200		2
1		0		4		3		0		200		2
1		1		11		3		0		200		2
0		0		3		3		0		200		2
0		1		6		3		0		200		2
0		1		4		3		0		200		2
0		1		5		3		0		200		2
0		1		3		3		0		200		2
0		0		3		3		0		200		2
2		2		13		4		0		200		2
0		2		11		4		0		100		2
1		1		11		4		0		100		2
1		1		11		5		0		100		2
1		3		12		6		0		100		2
3		0		11		4		0		100		2
0		2		11		4		0		100		2
0		2		11		3		0		100		2
1		1		11		4		0		100		2
1		2		11		4		0		100		2
1		2		11		2		0		100		2
1		3		12		4		0		100		2
0		3		11		3		0		100		2
0		2		11		2		0		100		2
0		2		11		4		0		100		2
0		2		11		2		0		100		2
2		1		11		4		0		100		2
0		1		5		9		1		70		2
4		0		6		12		1		70		2
0		1		9		8		1		70		2
2		0		6		15		1		70		2
2		0		5		19		1		70		2
4		0		9		25		1		70		2
1		1		8		14		1		70		2
1		1		9		13		1		70		2
1		1		8		14		1		70		2
2		0		5		14		1		70		2
13		0		17		18		1		70		2
2		0		5		15		1		70		2
3		0		6		14		1		70		2
2		0		5		9		1		70		2
4		0		6		16		1		70		2
3		0		8		27		1		70		2
0		1		5		2		1		70		2
6		0		11		21		1		70		2
1		1		7		9		1		70		2
1		0		5		5		1		70		2
2		0		5		13		1		70		2
3		0		5		15		1		70		2
4		0		5		10		1		70		2
3		0		6		19		1		70		2
3		0		5		15		1		70		2
2		1		12		6		1		69		2
2		1		11		5		1		69		2
1		0		5		5		1		69		2
2		1		7		6		1		69		2
1		0		5		7		1		69		2
1		0		7		4		1		69		2
2		0		8		5		1		69		2
1		1		9		7		1		150		2
0		1		3		7		1		150		2
0		3		11		9		1		150		2
1		3		11		10		1		150		2
1		0		3		4		1		143		2
2		1		11		6		1		143		2
8		4		21		7		1		143		2
1		0		6		5		1		100		2
2		1		11		5		1		100		2
1		1		11		6		1		100		2
2		1		12		5		1		100		2
4		3		18		8		1		100		2
2		2		13		5		1		100		2
1		0		5		7		1		143		2
4		1		13		6		1		143		2
1		0		5		6		1		143		2
1		0		6		7		1		143		2
2		0		7		7		1		143		2
2		0		7		6		1		143		2
2		1		11		5		1		143		2
0		0		2		3		0		130		2
1		0		6		3		0		40		2
2		0		9		3		0		40		2
1		1		6		4		0		40		2
1		1		11		4		0		40		2
1		1		6		3		0		40		2
2		1		11		4		0		40		2
2		2		12		3		0		40		2
2		1		9		5		0		40		2
1		0		6		4		0		40		2
1		0		5		3		0		40		2
2		1		8		5		0		40		2
1		1		7		3		0		40		2
2		1		13		4		0		40		2
2		1		12		4		0		40		2
3		1		12		5		0		40		2
3		2		13		5		0		40		2
2		2		12		4		0		40		2
2		1		11		3		0		40		2
2		2		12		3		0		40		2
1		2		12		2		0		40		2
1		1		6		4		0		185		2
1		2		9		3		0		185		2
4		2		14		10		0		175		2
2		1		12		4		0		40		2
2		1		12		4		0		40		2
4		1		12		4		0		40		2
3		1		12		4		0		40		2
5		1		13		4		0		40		2
3		1		13		3		0		40		2
4		2		16		4		0		40		2
2		1		12		4		0		40		2
3		1		12		4		0		40		2
2		1		12		4		0		40		2
3		3		14		4		0		40		2
2		1		11		6		1		80		2
